4423690
3538956
11370518
89587736
14811162
327707
1223344
167542818
5079080
22773802
48071919
74084460
2326579
6747550
95617081
81100858
15848799
17705653
2752576
3244097
26083400
18153545
24248394
68059212
163920
141197393
20709458
3440727
8159328
104235107
160432229
120258666
14647403
47546479
1840740
2097268
7733368
7929980
19038334
30048392
7995532
21009774
50743009
1015970
8585381
9273516
10191021
573469
2850999
21790909
12157118
283395626
216858819
47448263
7962826
11534547
164063
2195704
171671594
65790
18252033
27197699
27984141
3408146
142835988
4653338
181338395
65405212
65503520
291
84082981
58097958
2392367
11010353
4915507
5308729
885052
146112829
143360319
131392
133595458
67895623
118161736
79462732
19628367
2228561
19464534
28148057
2785628
96272442
1114466
4358504
209551721
36569451
1900911
721264
39616882
228295028
328053
1671542
97583481
12550526
6455684
12091781
38601104
6848917
13631897
133202332
98675440
2589100
1474998
56033729
20048630
121471431
153354699
44892622
113148367
99320272
3539413
24248793
9568736
6750697
41386482
15368695
61047290
88474108
15172096
1737218
84312582
56033802
130253324
54559245
3031128
5145119
16745000
9765421
33391151
151082421
918086
12157514
17891915
160170580
17072731
1213022
61833835
119407212
39617133
13730414
58807741
219906673
27984498
31556211
50299508
5145206
262776
89686649
4719230
164480
52658828
21234320
138969747
164889238
197558939
15041180
8568944
2458274
1180326
3441319
20229574
70681261
26182326
21136055
18940600
63635572
2917054
295618
27263686
177351457
116228808
4864449
115081934
65607118
721623
19956441
39650012
34636512
41386726
17629929
15794924
143590130
28869365
31458040
2550570
2228992
5669633
8684291
189104900
82772744
951056
12976918
4555549
329417504
62718761
13075242
1442623
12190534
96568142
1377111
66487129
5964634
121406305
8979301
3015533
93520754
7635830
26608507
4462058
14876821
56492945
9962386
64226197
152437676
1475501
151487410
73630646
24282045
30802879
50070465
8160197
65373126
15270857
33391563
6063052
225969104
51741653
4064225
148014053
590833
1410037
142935039
6226944
26379273
72549387
427021
8979471
17925139
162399259
5375005
155255849
32900148
27427896
103515197
6564704
11207748
394311
20776012
82871375
6620249
24544347
3802205
19334249
2720878
181208182
81429623
7416682
361604
43582597
2950278
53937289
6653070
66061458
3769492
117222254
296089
96339098
6522025
144704685
15614152
7374002
94373045
8029371
11404477
23463105
63177925
3572934
22337057
6384503
853196
30082253
3081422
558292
93422809
918751
38634722
4719850
17083261
6259953
48235762
170098899
134251765
82117878
7406841
1344767
18318592
394497
1213699
109544714
67011856
820497
10749203
20874516
138570630
12322086
20055335
155637299
270697782
133236028
100336959
216073537
33588549
57345353
63783138
4588887
36930905
63931747
277906793
2721143
24872334
99943823
28083607
268567963
38241698
5735843
145065382
3409328
94307763
74417593
77301183
46761410
5408205
2950610
5178836
296407
29361624
13207005
30279137
8455653
1574374
2262504
7570921
8226290
152602101
184518140
25429502
30606848
919047
3271596
197887501
20612626
3342595
329245
62391839
8259106
23201316
26609189
225838634
150603308
15402548
12092988
2852416
49448515
2786897
165742169
158926426
21792347
193594974
228787807
14911078
118163049
9373294
257984121
12355200
3114625
2492036
1508998
11110024
130123401
72287888
38471316
5211797
95389338
919196
2851098
13436575
3604763
7407268
27952809
10716845
51742392
394950
886474
1377997
6948558
984791
16025306
32474849
32900834
11896551
722664
49321596
167446269
186189566
46984149
263936
10693590
28706567
18220808
2950924
8193805
29689620
55248661
65308439
558877
12310149
29099808
32245537
5395699
87164714
3180332
11889630
27756343
40470329
5900090
25823036
9242433
4851524
45090636
1027042
6686543
96700241
60589906
16582487
81069915
558942
76220257
395106
133597031
1935210
9471856
1116018
23365491
52823929
5375872
37619585
17500034
1345414
4045242
190842766
122455956
27461528
19957657
60917658
2820003
18352049
55609271
886713
171378622
84674499
22480840
431779
5507034
32704486
2394093
10651634
20940788
2623477
1148919
28837880
24053753
3271679
1574910
74516479
2066435
2000900
4905789
21399560
8226828
24479757
67028189
919572
1378326
56131929
7374874
1902624
34852
33359913
12388395
145950774
3803194
18155579
362564
17958985
8849492
2918492
6654045
132712543
27297889
200149097
13011054
124815491
60459145
134097943
65230532
152242339
9701541
128452774
42829992
2553318
177375403
26904754
14223540
1738936
2394299
63539391
297154
15337667
1476805
3049671
9570505
57641162
12342989
31885522
5015766
1968347
25037024
32934122
6588664
1968380
6686977
10750211
231691
12192012
243140879
151750931
13175060
249858325
493846
2787607
19859740
1018148
46373106
8063277
147786032
3901748
13371703
77400389
62130503
68061517
985423
592218
3770715
132385117
62982494
46795109
166249
21173992
71172501
4622737
18647448
40339874
116296106
362925
22186415
42207665
34161054
125143491
2263496
116984270
14740557
22317520
29854162
788952
26773978
1313249
205851108
7481847
78023153
7965175
46631416
40831486
395777
8292866
10226185
53013591
22776335
24676888
9341467
5638695
87853609
185764397
2525746
494133
12421687
141789757
95914560
276900960
248207115
213191237
39586377
7881143
1051215
62360144
4262481
658003
1215060
21731086
77335126
3836508
10750564
47778405
1084006
154405481
29788778
5114485
80251518
952959
821894
96504455
41814667
167414412
5835409
44239509
71600792
23628445
211585694
136645280
13929121
1018533
5245608
109906603
7572153
559803
141494973
1837764
23759557
22809287
6032073
7310032
60295895
107907814
2099943
2793
3279595
4524780
108366577
30403710
52431614
5898709
52071170
1561501
34245385
18549514
15633165
55315227
8489756
10095389
1280801
19893029
46730023
86412079
8620853
154536760
98863935
68258626
76090181
86838086
23432008
31329098
76912439
53283662
142805840
3640163
33327972
2919
19499886
73007593
4819834
3083140
67505038
5868431
73075601
44993427
94505885
139234206
3902371
6589348
103287718
49286065
51153843
19794868
5016505
142314426
7408573
122260416
33196993
140610506
85920718
592848
86608853
8424409
1313760
190548966
36047847
5145084
69372924
34245633
138513419
121539599
2944175
14650396
2427934
11308071
134184
19008553
26741806
143068215
10193979
2329662
786956
11930699
5475405
139889744
5868626
84216930
1976142
11373672
157125737
593009
4689017
82002453
3411075
265351
190483598
10882194
19797870
43814038
33467589
4492450
37391529
12283079
5278897
37555391
27987139
10259658
229543119
2100434
18484435
593108
2600142
1641687
152912420
7700513
2430842
65834207
106138866
136449267
235441396
26774786
139496708
22514959
32705809
1707284
6065432
822556
17239329
16616738
141528361
40865069
185404723
7441718
77827383
134456
9243961
1805628
1314114
154701124
9145671
153324873
2952532
19818463
9506139
16846177
11636067
106368356
83791205
14126451
42667381
3378551
121408891
11799934
56462724
53644678
8588682
100142475
2493849
5541274
37653918
6655391
7638435
6032809
44109229
1871278
100339124
123273802
139824579
5934532
13798857
6688202
82415051
88444379
2199005
2723296
6557154
11832805
21663208
4558323
14257653
49436585
9178617
46566909
13288021
5541385
6327821
4034069
76090902
107221108
60591655
36113960
13831725
78873182
235408953
98274877
233026
28708430
4656719
65867347
5181012
64591801
10587739
3182175
331365
2723440
35294833
6295164
17895040
30543490
18648710
593548
45389762
32673424
83431059
626324
2461339
61574815
12324517
137072295
83922606
2035376
528050
5082809
74438602
118918846
27987653
10718918
21827280
52072147
105549525
23432921
31592155
2985697
11570920
94572265
4394731
56219513
1347313
99782390
17207037
184848129
99258118
34410248
9015073
1740586
15896373
53120822
21466941
5312318
124718912
131501902
5640015
22286161
20320091
10162015
1609570
3018600
27955050
25661301
6164349
331646
46600063
152866691
44502917
61312903
148049804
144707472
987028
10555288
34017184
15339428
270372773
14225318
73600936
3116976
12193720
69562
43651008
2265028
6754248
45092810
2035659
332206033
134680537
20287451
301050
9572318
8261599
19337191
19828712
11669482
174198765
166694894
2953206
7999480
26848596
36671488
15339523
7180292
131600394
2887696
85102610
9474070
121245720
45191204
3182634
11407403
9277484
96178227
78483509
233526
4708361
757817
3215418
8032315
179114044
20516932
2556598
352489544
17535051
8622167
62722137
36180059
10358879
42799204
8851557
154407014
3971090
23105646
28741744
68325492
9394196
528508
154669186
45125769
7297047
528535
40308895
3608742
22810793
10916031
13668544
81924292
51122373
237965515
66293967
7409874
1970394
45355229
5181663
12652770
23761123
136974570
52467751
29462767
2363632
3118594
5724201
1052922
57413885
528638
463109
8524038
30478600
2330893
9310480
20648212
83985113
88477988
5607728
1380657
34345272
2691385
50598203
14258494
725311
2298178
42930500
78680391
1446219
3150158
38970
2789726
7329851
6033766
15896937
2003320
1577337
73142652
58295020
161616272
83038611
51057047
99160472
11112858
92148130
12030381
139170227
13878004
1413562
138842557
1380799
21598662
40702408
2068942
22193738
1872359
26546666
819965
2593268
230461941
43553271
23892472
4624894
22778368
26219011
397829
1249799
28807691
3641870
1020434
73470483
50500116
627221
174585599
1643038
1708577
4952610
38212131
15569452
1217083
8491587
29135438
212636239
20189778
725598
365152
242029157
19436134
137368167
35820137
2626167
52466296
82383486
145953407
61608577
99947140
14353174
2364039
27595400
49058451
69112474
9638555
112988828
2396832
5870242
82350757
4413780
4919982
131502768
4854449
16028343
144282301
65082047
3609283
9704138
80777933
103119
1708756
291312341
4625110
3463289
2921183
38507234
5477093
2495208
4002540
14684912
430839
44405504
96867073
89166598
3576587
54334224
4789010
25400084
18125613
322474798
90814
77475294
66163512
103846716
237114181
3937094
24974152
70292304
3409946
54268756
168789
792719
100832092
33821533
31757157
35002514
1381231
32019312
123540338
2560885
131535747
106337156
2069381
3904391
16028552
3085201
3019677
19895198
13046698
162894764
5247917
91493294
58102703
59151280
83694513
48108466
20622835
14095289
12817339
1217475
2528199
9256225
62723031
110040024
8902821
8098786
8492009
7115754
2069486
41948144
1086454
92476410
4658176
660481
726024
37917712
12293138
201692180
3119278
1119257
19371035
146674719
529444
90313768
4592688
955441
18846771
2495540
2298933
7859722
6624323
22156357
141323788
3413070
383160
87757910
6329433
123650917
260674656
8754273
231412835
64164966
37426285
4658286
9016444
25465982
123802751
5215360
6689921
28578949
101094534
69384045
84350094
4166803
3773589
167941272
96146593
3544228
15888121
5870769
10425525
693431
4560056
57614702
988347
64558272
234689
1971400
5739723
20583629
14423250
1700158
180589781
134452448
31200484
72193259
1447159
35166420
6690047
152573191
19830025
4527379
7574808
35820832
2857179
140219694
22648113
1742135
1938746
131831100
19830077
111220031
174003520
98638048
6231368
45290825
1453623
890189
5510487
4691288
38901082
12916061
693599
45356386
12048614
8033642
194221420
73209197
179279214
2692472
23467386
139793794
29365636
253007246
49288594
170071448
212768154
6100379
8787356
2692509
20026782
42833311
27432356
56061510
90150317
30741934
102471088
19830199
5969344
137500097
15308227
1807822
38353
1257038
7247332
8099304
81729001
890346
4265451
29758959
366064
208705023
8951296
31757826
11539977
84121098
9475597
267803
8066588
661029
24483367
13014568
17471027
235869749
529985
116168261
988749
24680016
189830738
17241691
51189342
3675748
3616360
8099442
124491382
211588730
13833852
1551978
30479999
9344643
22582916
37754506
17831564
1480334
1676945
49911445
48535192
1119907
106436268
3577517
136255150
9148079
3152468
67557576
138352316
140777150
113531169
23074505
95131345
13702866
4527829
328734427
241604316
72652510
857826
6657763
7542504
35821292
64788211
143103736
6756091
32446206
3118847
759553
13833989
497414
55219975
6690574
5379862
61457369
9246490
7214875
6166311
3839786
3348267
157882156
221746996
58470025
4724542
5904192
80156481
3938119
146478924
14227277
16815950
956247
3217243
14751584
147560289
136451938
62068587
896658
200644462
48568175
202609
1054580
136714103
14260089
31594362
16232085
20715393
10688389
83629965
134453139
21469086
143988647
71596
23697325
34707385
27137979
31496130
86035809
1087448
59545566
27218443
4200422
181770577
28514296
68671828
133830650
3938300
188389375
1841157
5150730
12916748
133863442
139505326
24221723
5183516
4003869
2201630
6395936
61184038
3446823
15374380
10836317
4102194
689161
5707834
28514363
26941504
34805834
139958347
147462221
39486477
27367510
98048088
1153116
65738845
12916834
26613859
6232422
64755815
20486249
22485098
5052523
6920306
204937331
4069492
1382519
399486
53811327
51878030
54663311
26318993
5413010
107550869
95000729
147069086
88643746
465060
20584614
3250343
93635612
3184811
26384556
9017518
14686384
51943604
7881758
6723767
235704
52861113
3414204
62199999
1677511
56432848
7444692
92739798
33822937
32250075
1415392
1644771
3447014
161618155
49486062
20649849
139630832
6854898
138549492
1557546
2169086
2234624
27400456
108337420
46962961
23042322
115808545
3152165
6134058
3381550
86350129
5019954
101620028
18061631
134748480
3043041
11934027
34281805
13829176
113318231
105879896
59382108
39721312
760161
32419558
20650342
294230378
956792
13441401
5058283
15243656
137610
119806348
126589327
8657296
95361426
21502355
140876185
136971332
52631967
38541728
84777379
6265254
158747642
76061107
771146
6112331
5511622
372471
34937293
1645006
16030160
334928342
29814521
159291864
38640094
11278821
20552175
4954609
6953459
18422261
18651641
2988541
10787334
13244935
459865
14260767
924192
110303782
596523
3840562
2983373
6953533
6593089
155818564
26974789
5249620
43391589
9542246
24779368
4069994
3218029
9673327
137629917
30420755
3873403
563837
104471169
236169
8886924
25860753
1940116
203414
184392344
125967002
5872286
34740896
38083236
8624582
1284774
279354024
87093021
3119792
3185332
25369276
11928694
13572808
2267851
28351181
153492175
179018449
5970649
155949787
13081308
91265762
1972963
47749865
200940275
52861685
106666744
8788731
1678076
50502401
80943878
41851351
1710861
23730960
54467345
305830675
52140823
17963807
220338985
151690029
2857782
6363961
20716348
137042756
231447367
34872137
17177425
139959122
334677
12491609
175217500
11475813
13856572
143006570
136682348
1153902
55745406
79010687
17275790
269203
1121183
62200738
5489819
70982566
244587431
13638568
16063415
39868
179772352
28039670
14785503
6298592
8231908
3611632
990196
10427385
134224890
22856874
13638657
12884997
28810247
8920079
3382289
2661395
17767446
19635225
1416232
74488879
4234288
113679425
3349594
164043868
236637
119217246
27925599
26221666
12164201
3185771
6593646
18226287
5479543
793721
17439866
400513
3141483
184491143
7150728
8101002
4070546
32218259
2343991
2006171
2595996
131538081
2235558
4070569
7511222
257825975
76127420
4955326
192584902
45358280
433354
40144
236765
46472434
236789
11214078
30219519
19963138
6659332
33627397
142810379
6167829
1187094
131734807
138520
62201124
102750769
39689517
476381
138551
3153214
171328
79469889
11214149
1645900
460002
8953168
3054931
1416534
858682
137600351
20159841
1973604
232758631
56466795
3480125
22390240
233986135
3448186
4464001
109550978
5697430
75275659
3054991
8691088
15211076
93691291
171422
17440166
230641
97791901
143531441
94624144
81698227
63905204
94772663
2334138
3022268
7413186
1744323
236996
206282181
21929414
20422090
15211979
256241570
728527
1187280
2629077
3179769
86482393
277487067
10624489
85335530
10296812
57417209
11967995
3540224
9063182
21798412
5447181
60431890
48111125
1416730
10329629
11116069
4202026
259289010
37592623
3579446
1678905
27133389
36216380
3186237
11738695
270310989
2006609
8592982
91856471
20356697
19406426
11705953
228826729
10657389
9281135
126197361
23436918
5381751
2596484
14360198
5610093
466584
5840538
7184027
7085735
10657450
18620075
117415596
3055279
87039669
597687
1318585
12852927
564929
114499271
16948938
27565771
24387278
84254417
115754275
25075414
29892317
11542239
460071
10492541
990962
68230902
335607
137502458
1318655
368384
15456896
27270914
564995
6463246
368403
207593242
16817948
143564576
31334177
8101667
62856996
5119782
30056234
8888107
3514158
21634864
230707
142585822
5185334
1896415
3743551
1449793
34152258
18652996
1869110
166502216
17637193
20717386
728908
958286
4562774
136748887
892763
37494620
139102
46341988
306875
2826086
6528871
246357868
3017243
9281412
507644
16555912
140008089
24462660
9443994
42573726
43261864
20586413
13180846
57876401
53321654
122560439
144252857
87005856
22650819
1187783
282402764
142843854
28712914
8691676
2727908
70066152
340697070
2695152
88745
6430714
99524613
32022543
197977
87874224
13541410
252977196
499760
794674
31662133
17670200
663609
8200257
187146309
13410375
87954088
178462804
2957398
158179416
34349149
27566189
97722501
5677198
23273615
27599004
67641502
40444066
860330
83140785
4759730
64069813
3121336
99524797
4628674
174334148
131735750
9640653
188915927
991467
92250348
6004981
631031
368895
8691968
11772165
68034823
26091786
4727053
61382926
15442191
18391312
3842324
69574935
1286427
177643804
1122595
77701412
303403
83435821
58695984
18063665
7479611
174924093
85074241
177054019
82682181
20062537
93313762
50622520
60105045
24125787
143597921
120529250
270934375
10887531
25272686
134586737
32514424
4465018
238625154
4661641
25534858
532876
68133261
3613070
4661651
467354
98509216
31302050
6300071
1122728
141337007
9118128
8561073
62005684
44376501
70263235
106948
110633421
2793939
20914645
18588120
44999132
14492126
10002919
89301480
43262441
7479796
68608366
30384637
96641540
631301
65806866
11969046
401943
171385373
2957860
33202726
369199
3220016
23372347
93626942
9806401
67705611
1221201
258384470
8921696
6038113
10887784
155132526
298263152
4170357
58368635
4399741
86254206
254943873
336518
100429932
18358922
5481106
51192472
83390575
70623914
166535853
6005422
37298873
1155772
42148544
37692101
151903009
81470154
42705611
132588238
45097679
263889621
95757017
5645018
1843937
7767506
4760305
18293492
1614582
3482361
81797884
15737600
142549767
1712904
24781580
107881244
26911520
13574952
12460842
91497260
2073395
92676922
12952380
6398784
20858336
206381890
1760054
3187529
14000982
336740
9053031
59057007
13378427
1418108
6398850
137752726
87106443
123577233
102114194
6661016
39723931
3154848
198189988
50111397
74662
146940839
10724268
45786033
1975221
219978
27173825
56828868
19833801
9413583
95036369
121185238
1482060
51782618
137831387
29598693
9151464
1942505
151482535
107501
33793017
42050564
30024711
1582094
112707075
762903
2368541
12985381
3843111
84714538
336940
20489267
4105270
11052089
132260922
3908667
107291711
26813512
1909835
51749969
140275898
60302440
139549543
7611500
144843888
143467634
2262547
101917817
2204794
5055613
17671306
9938059
3777690
3122340
2466986
12824776
122725559
10626236
34546877
20260033
42607811
115254470
8824023
11085025
1287397
173288
14296300
288138488
64201978
6560639
14485034
66364670
155493633
74491138
369923
5711112
196125964
20653325
101950734
3810575
28058896
20489489
60794137
56010010
87336225
65971495
15705385
12756274
124757306
7185723
1516868
1461341
2499921
36087143
10823016
17212778
22029676
17016175
3319155
59155829
402807
4007289
135177596
55193834
79846293
370062
257336720
270943193
12207683
730526
10331574
4531639
8463803
6958458
55682496
53355969
269723075
39953863
6301130
42051019
3188173
231548367
26322384
7876858
23733728
4597220
314295889
13739496
12264944
2532851
20719095
30877177
2268783
93627905
763397
28878343
10397197
908205
1615377
13674008
67773978
6596127
120413105
18327094
39233079
16033338
632380
23537217
237577802
1123924
82486869
19834457
20555354
36480603
28878428
74557021
59909731
10266213
206439
5416553
3581546
1681005
75375
18654837
16819832
198059641
3810940
126297726
1549951
14001795
70592132
37613847
15246990
91694739
3155604
9184940
161359535
109979315
96708286
66135743
42698
191801036
41658062
7874258
33146490
1910494
16492256
77801185
40445666
3581668
16295655
9348842
3155691
138454767
101459696
14020905
3319549
50472703
29828868
16077043
202057483
201697038
46442269
91367200
567074
260024100
4826918
259303207
24487726
16623409
26920586
15899616
97134407
37922638
7153499
165263
49915762
65611636
20031349
75642
138291072
5515137
20359047
16525194
134537766
10528652
763791
72034192
12167057
22390681
4827036
88713117
125020065
263858083
24553382
1563633
2631593
731055
34416562
31401909
6891447
30153716
21538753
4564933
99297230
77211607
2041822
13051879
5810158
11380721
205170677
18032630
10954747
86779903
16754688
10364930
17967109
5253129
698383
28452882
731157
8562716
30156832
8628265
763946
12167218
15607860
1583173
83437641
149061805
262416473
4859998
267692131
81665041
290861415
1648750
16525423
76327027
30746741
180853782
19376262
119187595
94873745
11217044
2271382
272536
136751261
69445795
9054372
14592166
26257576
167323827
59913208
4540105
10183864
13281480
600267
41920717
133081298
38512860
23439581
192194782
56240352
22030567
4139242
1878251
174316
3647726
20523249
74524914
5056759
14690554
336701692
14493955
71936260
37562638
48048401
12822803
13805848
248916251
14559516
134916392
174377
51226924
37726513
23701821
15837504
25471297
144976199
155560267
7975309
34679120
137865553
8137045
87042390
4092303
1321308
214280541
10430815
23669088
1354084
150514031
51739158
36226793
4073853
600449
19278211
6695312
2894226
59320727
1321368
20064670
150592581
4893098
4172204
34941359
166406579
23210426
16473162
2861503
16689614
4172245
31107545
1452506
13740509
4270566
236772433
244034027
20261359
7580144
51882481
5777909
50571767
16919033
5908989
235383294
130820612
18721288
2239003
15408218
6597150
1754885
2437553
50080296
96274183
134720049
10824248
94743098
179299218
11283008
4532805
8202822
152578632
52457911
43231821
13412942
11545169
15837786
154544731
371302
28387949
4303470
764527
174706
2239091
49847401
2894458
12495485
44608129
207496
53684874
22424206
19278480
11381393
140880538
3890287
14527132
4336285
6892194
10660517
1714855
1288873
23130567
2992812
18885296
2337461
3222198
20556478
2206399
41462467
201665223
7875274
830155
40118990
88320719
34843346
305875
189278932
129411801
29536720
127911718
33106662
42543852
216312560
2075378
5352184
6728441
20359938
60238596
76551
10562334
3065648
41462564
24521513
47426360
18426685
57223998
74722111
371521
119712578
7514953
114338634
85404501
8858456
17279833
99125050
153103199
27339616
198486890
142355309
19377006
267856753
6761330
48868217
9644925
17476484
41102226
258624386
219786148
200059815
115256234
1321901
10214557
5811125
1682359
9055162
2206659
5450694
12069831
48802762
45722571
84290511
2251939
2075606
10562520
56011742
73280482
371690
1223678
3648515
42970118
3779599
601104
2862097
3016259
57682967
18197533
470053
199699495
4795432
11414572
261499953
74418014
153902260
57584702
72297537
36809795
1322058
2534478
2272340
14396501
2075736
56765529
99429472
18164841
102149228
4500591
209988721
80981107
107703646
209908244
80882810
535675
14485354
2108545
139373702
51915914
44313739
38907027
3845271
61942937
62565530
49589405
35630248
23866541
1223855
25898161
93760690
6757578
59419838
1191109
45853901
17116366
35138767
132319097
10005728
2796770
17542371
242298090
10038508
1486065
96546040
19836154
634109
34417918
49786112
16953899
15904004
17149675
22686988
62729489
40906006
21081367
7089433
8662301
3943710
7154976
152415521
115584293
178728247
404792
17216052
798021
1224010
26455371
2705293
13086036
5025119
29044067
36482405
221031784
100347241
123940206
17444214
4828537
437626
147336571
3616126
49393026
90385811
1045691
44739990
13895577
26422681
667037
634270
19410339
37236139
597234
54504896
11120070
8170955
33336782
34155987
536024
2960858
12529115
145337822
1519072
113946082
8007142
37498343
1388010
1879532
337656048
138456563
144322036
220245495
93314303
4140540
33074685
297741826
6041100
103820826
291876380
66727455
13348391
17083945
273962
2534957
2534960
31108658
59682355
1289782
18296375
601657
263401020
4009533
4310965
10296587
150941261
32484942
1322600
2535018
19476079
107851376
1478877
32484982
135736959
23408265
135310986
433431
276868749
3616402
64909934
12070550
275263128
4664989
17614510
9744032
25472673
14922353
150417068
2502318
50867899
52539075
6106830
43822800
40120021
22064854
188128548
56045277
9187038
634596
69316326
9744107
470767
144781042
24358647
66760440
14167806
765698
96644878
3845905
1814291
9809686
12055
5582617
4960029
4140836
4140837
5549864
34811699
10727220
5943095
22327099
89304893
15085376
95530817
3649353
1683274
184266589
503649
59223909
7090036
2174838
4304763
23211900
3387267
35630981
28946314
44380048
10727314
71282583
117223320
24326045
186593183
831394
56799147
131542969
16068538
30683068
12627902
2830281
10651639
151695309
470992
5025745
21671902
137244641
372709
175189996
74821615
23502163
227422198
2011128
22022143
90222590
15675391
2961413
159199238
49557512
38875145
94842892
897038
12217793
3027630
67874840
5091362
17838119
12595243
14954543
25735226
1060928
68005959
213387276
13250636
31993933
1945684
21049438
2273378
2502755
6729829
12628073
3186023
42971244
165785709
8352446
340086
1804310
144782017
9908360
188657811
7155868
30574618
569503
44380320
11918704
55718053
2535594
64270511
536752
536765
11546815
30027968
74789057
16134342
4829384
3322062
25702610
132493529
42610915
29285756
237842666
43888878
27373807
8859896
71512314
29602049
9941250
203234690
21639438
109753048
798997
4567318
1814807
5386528
34495405
10826028
16888109
2142513
4698427
133083458
5091652
60721206
5681487
132985175
89567576
8368474
57782629
8499559
1225073
21115262
865004
40382861
7647632
31469970
3852355
67973527
131445144
6435231
159625635
4141477
82621169
12712
143634862
3125680
28750257
125350324
2437557
146190793
23474634
16363982
133417037
2470352
49263353
15282651
17871325
43638181
52802023
3125934
4207094
30028290
27734536
34124299
14135820
46936591
63123993
18100766
37630497
41038379
99660333
21148209
1454644
147599931
47460934
205173323
6664782
10580749
11121242
17576545
250557030
141144682
16003691
152744557
270086769
124039794
8106613
2175609
11252348
20853378
104247947
108835480
89202116
155103899
72954527
537255
1946286
57356975
79082166
1990089
7549631
3814081
104706761
18232015
4207320
18821849
176861
21377760
30192359
34681578
238793452
1815280
49591025
148583154
10760950
64041721
18756346
146322178
55882502
29504264
15971091
2536217
192295723
48182064
3295368
50082611
28914488
12366649
570181
90420039
76919625
11525602
6337358
963410
1160019
77378390
930650
74855260
2896735
6108002
58372966
996199
208221040
185906036
9751868
52048760
134787969
8041347
139801478
159560588
56374180
118502310
57226157
59421615
9057203
10073012
10122057
120370109
19018691
4600774
88519627
14398417
6960084
2569176
90878938
42087390
766947
21509097
31110127
31372276
125055990
766968
21574649
116831226
570366
127972358
8074256
1487890
20100119
43496474
55063584
3355689
16233516
7943220
174928949
318982324
73970748
1520708
16135239
996427
134329422
8685752
50345042
1291351
26915929
32355419
1782878
31601759
8565857
67286114
54735973
3880054
33633402
177280
3355782
29602957
83211407
27407504
254227606
167425181
140031138
24818857
91796651
152089772
80950445
767156
6599862
34747577
9024703
15086784
10499265
5682372
2995408
59159772
133733925
184169697
1389796
10106107
53681706
105559294
13448449
242947
46340
7714054
7877900
12825871
153924883
101430548
21804311
15283078
55129382
2602287
61289776
166475059
46396
139539774
6785248
137704770
6403395
233059654
97301836
1652049
13650
243119443
23967067
172963167
139948944
958012
1815914
124368238
6239602
5813620
186398070
64287636
203961724
138589565
123516289
32388485
2995598
56472975
4339089
12891538
15644053
1521053
44053923
5453222
140031400
14366123
24196527
374192
139441585
13350323
69350837
20329912
219919806
5551554
63681993
10139086
126072273
34092500
52278749
6446672
2340323
4765157
143537639
31208942
234993135
88290813
16725508
27735558
24524296
58406409
25277968
3290641
121779731
407063
504751
153499165
3880482
86685220
15373393
18396719
220476976
90654984
44480051
3159606
143570489
211138106
1870092
15709771
4765261
19183183
19379792
2274902
123713112
25605729
135640677
79607412
206911097
10598010
1296661
145035
305346188
141112974
10630799
19838617
21149339
5224096
29569990
19576491
5453485
28227250
198751924
29280542
13055674
7845563
147732160
10335942
190330567
143898316
8500944
128551204
91600603
32880351
29865701
1455846
30062312
101070578
75166676
17807104
50050817
289781506
14006029
28778116
107984666
203110172
44676894
48052006
4617180
216217387
138201394
57292591
538423
4175679
136197509
137639754
538444
4863824
2307922
111392596
106127
505692
142161763
32126829
21903214
4274033
571258
1324932
9451398
1652615
4339595
866217
8239019
4798385
161658807
138164170
8665035
24136013
59225080
1325013
21568844
33601503
26425322
172734443
21379054
538609
49330173
93019316
131741710
25540623
17807381
6338584
14858272
33536041
5027886
154056751
93894704
473137
1685554
158218292
1161271
63037108
11422047
40679493
89208903
120076360
13678671
34715732
16267353
34453596
1718367
60602472
407660
505966
65353844
9353333
1521784
2144382
178303
95402115
40712324
1292421
294140040
62797967
23476368
17381528
1194137
139245730
3455145
4470955
4110513
139785246
211128
50968762
106186
182728901
571592
237648074
1816784
172636369
132430036
15907029
233814234
23771358
18528484
26589420
276720
571634
241285367
7682300
116570369
1390850
2341126
4208907
10008846
50706711
59554073
38123802
89781296
3619109
14399783
61716782
24394032
178043185
78625074
259124
75215925
138145193
150649157
178505
10336607
25377120
118077797
64371061
203471222
60406136
237455764
154712454
3825388
181746058
35633549
229816721
12368277
2210200
10205594
29407652
22591909
63158696
4536745
31044679
181483953
40909242
3357115
102873532
2701761
4012482
728822
11549128
135543242
131643866
1227231
8534498
120207848
142914642
10074609
274151927
16660986
96582139
16136702
20199935
52895488
19741186
670215
233290253
88750608
109525526
7485975
13122082
14334503
7322152
1391145
4766250
52050479
49101362
473652
76462651
56932926
2439743
1194570
22232821
224148055
79706714
488549
75446885
91863655
89209448
23247466
142359153
87079538
11181843
4831861
5651064
6699641
107362942
13875840
766472
32160398
11909781
440982
190790296
3226269
1424045
132299438
6798005
74037942
73513660
84949702
3357399
2734817
3160803
637670
13286125
6470388
12106489
11549435
153991933
54868737
40450819
24230661
147864327
33209098
152320785
16348292
26917661
20232993
91255942
22035241
736056
60898115
33241929
176077644
211008333
5356369
271694676
21842404
23051099
12565341
39500647
7781224
1424237
103725937
8058003
19938171
12336002
3324809
55491466
506763
4897680
58899346
2440101
72596391
1293225
2014124
6044590
12565433
182664122
98826342
157152416
10369988
998343
7879625
217103308
16464846
20822995
23906810
291519455
107330531
197540845
31013874
30817273
9812986
11058173
142883842
1915909
50175831
9387020
88062992
7289874
82131991
89046040
5684260
55426086
7945258
10533936
2602164
48186
56540222
5225538
7257156
26819658
173947980
2702418
2571347
11287636
13382841
5717087
10730592
30480142
1588323
2571374
70007922
4045944
2110655
17677441
8830082
31865989
135871626
7978123
90193037
24886415
2997404
127909021
147143841
510491
834729
131522419
3423413
7355579
965820
14564542
74071232
3521745
33799390
152485093
7290095
64929026
67517702
41762056
507149
11025678
13942031
91340050
15973665
7617828
275856679
298007853
2899251
54279476
47529269
14630198
3456314
30293311
18758977
11779395
23477575
98601527
5567714
98483536
133840213
80100695
1981784
4210010
226082144
23608678
3456359
1293686
20725114
72236411
15359271
17317257
26688916
5979544
277364127
135544225
11713960
168869306
37699010
23870917
14073291
45268428
6798800
20954591
79183328
155041258
2801131
9931347
368239
3259904
9321994
3474687
212090384
27475484
80920107
7421486
132300342
147570231
5422652
1733898
3128894
933444
139638028
67444663
4013648
59686488
2702944
292765285
280748885
6930025
966259
64437878
83967607
62635640
14234900
145178235
1818243
335809
141475477
9256600
442009
46972570
23838365
3358367
184434336
11419307
540336
33832632
139312834
206544911
58474189
1326804
38125277
51461855
1162983
73940717
155238126
97861363
132660981
8806356
13614844
1701162
195378954
16894594
8516909
2604821
89440024
180567837
61488929
31907803
8732458
32620335
800051
30916407
67157816
33701691
7028540
5553982
40558561
12894026
85901147
114526
5848927
4767584
23510881
25771875
7815028
27931966
5947256
1449562
71679880
81051529
7356299
165658517
17645466
51462043
66404256
142655393
6533138
1949605
104390641
159039405
90415945
23478191
9846707
1182366
50446262
13959370
26066875
24690624
104054728
7454668
12304333
12042193
26623955
20496344
6242272
52051954
5259256
56311803
27574273
20463624
671761
2703380
3096598
28229661
43827231
156942369
100417577
1458219
4571181
10600495
1949753
41861179
168785248
3883084
3555407
606296
34160730
203407451
26951778
15614053
6865000
34422896
41795703
18923651
639110
154583182
4341903
39043217
10305689
50536240
2506915
37372074
6537387
63684781
192200885
59850942
704703
224542912
17449154
147651
11518148
10895560
2867403
61784276
236830933
20496599
6064848
142360802
1032419
16617
33112302
184533235
5292286
24494344
222797868
37729650
442640
5226770
50544916
9552149
4571417
5194013
1586565
76800048
42615076
26919209
168706349
4636975
29311283
204063035
143212862
243679564
7979352
142426461
92488030
87769439
135165328
167362914
12760465
19612011
60309873
1261941
2539905
24494470
756460
212812173
1524115
10338711
65811194
27509150
99238303
11485600
14664097
144064933
3326378
8700331
475564
40714669
81346993
44614069
573879
49592
43532735
81032608
2572746
89833933
20070862
56607191
7848408
967132
33671930
13943272
115179
43237871
253084160
3228163
96190985
114770442
37011981
13713935
901650
8897045
11223579
178242081
836132
67748397
95816456
20005427
88195637
303500041
20824650
5194320
619960
3686994
2179669
92750433
101663331
20759146
114344555
1426028
21578351
22561392
14041716
176603765
3001108
20234880
65192585
25707146
6406795
158548635
25019041
9749155
3359396
10242844
934578
1721015
52708032
47956678
22201040
12731091
96813782
54477530
10306270
12337887
24396512
226738921
4855008
19645172
94552822
77054715
836350
803591
21512978
22332184
410396
17613600
248857377
161301286
1164075
5358383
47530800
299221811
21545780
234570549
96977719
5358398
49300291
4342602
7226190
20792144
50742100
141729934
13681497
65094493
1426272
143278949
2209255
49496940
8766319
21087088
34110392
4572020
7239145
136037259
3883916
139051931
8799133
1229729
2900903
5882795
46777260
5686191
5589832
3523506
233948084
60441526
63554487
33407931
7422915
377806
6964178
15851684
37798875
181213
49668261
140297184
77186021
73386833
1328109
18039797
1721334
4506616
5850112
20078763
27018246
84886538
6046733
15189007
31540243
4473877
23741467
49595420
2147358
214048
79152165
63086769
21546026
50545709
377907
50449246
188957751
115779
12239941
62211146
124437579
8134840
10339411
200275470
167134300
137249892
11846757
36156945
4441193
20268138
5096555
86688886
26821755
6014077
1492095
4211844
1262726
90358919
1623188
23839899
8864930
10603377
181418
64373934
3248390
20464823
36947137
48153794
5948615
81282255
22004944
21154681
191349977
13223133
23086304
2475233
37111010
21054698
2508022
2934008
1819903
98419968
72500482
5195013
11093255
67814668
143412098
21742872
214298
53658913
16598306
15287587
155239719
64144681
2377009
71320884
56673590
261309753
1393979
2999619
6440260
8242504
100484425
11060558
143181136
682547
13321560
26730725
3458400
78497124
17057128
13661757
16467318
133449083
11650429
6047104
234571146
73221516
17810830
1089541
80397727
9356707
50906537
3949999
6211001
73901743
8078782
1557960
219694537
5841143
6407629
5031375
19685624
13288925
269289706
116180461
3367165
100681201
15451648
147539457
15287811
244139526
281069077
10176033
54150698
7348487
83281465
353257023
90818114
3819075
935493
1361482
34719313
7063124
93298958
1099351
1558112
3491427
673387
152046525
6145656
4900474
154322555
314918526
8046210
837258
112608910
73123479
22529696
251840161
12011176
1590958
4409008
76760754
64046774
50871
26592952
113919684
7259849
27838158
4441810
15648473
10929885
1395664
65036582
2442985
61064941
3065584
804606
26134275
1035222
10143500
3524367
8046353
4441875
5981973
23742230
1361688
21153562
34391842
18433827
12175140
17909542
21481257
135055151
59197232
23611185
12699450
41666373
191907655
18794330
66963295
94325734
25118569
179062638
4310896
134170481
2148212
36718455
412652
19875722
12896139
28723085
6866831
6834067
4147094
5457819
257935264
214949
13485990
1296297
93177781
49825726
12273601
182210
25741254
73713617
82724825
46746618
151537631
22464484
8301386
62539756
4212717
28723185
25610234
14829572
82495497
222447630
31115281
215061
8243224
3786784
146589729
16107556
25249833
25806892
42649656
35735609
87640122
189286460
477247
1296451
32786500
13082978
3688527
346194
41404501
37111894
94440463
12044388
7096422
16107637
18073723
26101884
24168573
14436478
47827073
70043779
57198727
70928520
9193610
150587532
63228049
1296533
47138967
7360291
6801563
67061924
7692657
68044969
139605703
12404908
20203700
142264506
4704445
26822859
12077264
1329361
54446298
5644666
318294239
1329379
936169
3688682
24070380
1739816
22602290
12830967
22726904
14665982
194201855
1558784
2705665
53135624
706827
153297282
28068112
4278548
7801902
14403864
614788
132204827
575774
13551913
175884586
64899376
8636722
5654835
3819828
137503114
185420094
75974975
287557962
2279757
51535
34163039
5785955
20636049
11880812
103598447
20564339
575861
104122743
4704635
739719
14797196
5982610
106252692
106482073
10602911
46287264
543147
73255357
89409983
2279873
51366346
42256863
104516064
2017763
22170084
3787240
12044778
101458
2050544
3164659
3262964
674293
608762
9751035
3328508
205598997
139282955
109398553
3727791
20531743
3033637
13683242
3000877
107072047
34949685
92588598
249514551
90327616
1460808
9718345
1898253
23579221
35932759
6655076
112314976
182888
1460844
156584558
5491312
871030
43469438
8211074
4246149
4060951
101304987
168905381
625777
346796
78760624
6179505
24365749
23218875
15846076
412356
379593
2050765
100977360
33606369
143018724
138398441
3164911
26856184
73747194
44419839
12307213
85773070
23218960
92883732
217041691
57625372
64703261
5720862
6081318
4279079
55429928
3427122
28920630
44092221
7228222
218352450
86985542
3820360
42453834
5863224
10341519
28789598
135973727
70077280
1330021
91081582
107498351
2607985
20073331
15846262
8113017
32663622
54709118
1019029
132959106
5672086
65555335
21351306
13716364
5163917
133548943
8014742
10242974
15322019
1624996
20073381
81316776
119655341
8014770
4606902
115821500
144985026
118475715
151178182
5458887
234376144
92523474
3460053
773078
8080347
88361948
35310563
281572
1723366
2935786
7982060
12143598
1100784
6966258
751443
2477045
163138550
186239991
2018298
34262023
32820232
7359502
154586139
642078
18500640
46255152
47444076
163793971
59132989
223104066
7916618
7130192
131484755
11160669
131877984
28920931
31116389
28529338
6540394
12045430
36654209
28724357
2247816
258788492
1625230
2307949
2182289
511123
138792087
5622936
13126814
177753247
1330336
42683555
23317669
89803947
28374898
132500656
11193524
259280061
8834241
26922185
9096398
163237073
4050137
6016222
5595686
128994535
25873650
50547962
5885180
5459199
157306112
237686017
139939077
48221446
58707207
10964235
172543249
161565971
28331289
33115419
9948449
91338630
11554086
43240744
98553130
84719495
385586
72174905
7441631
14011708
136039752
14011728
7228753
33312083
314713
2739546
197348700
118110
121982305
7337873
2477418
28167532
6873661
17386869
413046
1635173
200396161
1625476
22203788
1002893
119262625
187452839
11226539
223989164
81169650
178343345
31804854
66014647
91901368
6147521
16534984
1232330
239652303
118509012
6016471
1428965
216316
577005
347632
58609138
3591670
15906729
20860409
11455998
71749119
8474113
3853830
8769033
15781401
48844319
154848801
132075049
3690028
33377840
150851124
2444859
58707519
11030083
155635268
67281505
156126793
1363532
380493
268160595
3657301
446039
49598045
60739172
7556712
1330798
24465008
89203304
18173566
1429119
219139713
32722567
91606669
156716698
16764572
4869790
9937520
67784403
2936487
30756521
160943805
60837566
19353280
25382593
100808651
3228234
148033223
41864905
14175947
1920720
1953491
112643798
10505943
52383452
141779578
25218786
16371429
86789863
1756908
24465160
146919179
249616
40324883
446229
3690263
34819865
74371009
1658659
53661479
17977129
3297066
2903852
16142126
2903859
274211465
100585282
4771651
103436100
7819081
3264334
234475343
25022292
38129498
16109410
446309
25791804
27742058
14372716
87969645
3854199
1953661
63262595
62967691
28708162
4771727
1298320
741266
91705236
162320285
544673
53923746
2609059
1822630
1822632
249771
36786101
51007425
32133061
132206535
1560529
25087956
161927126
80826335
132239330
610276
8441836
65654099
10604537
70209536
118575107
182702087
18599944
172806155
380950
10342428
33771549
2478114
23941160
3199020
18534449
12111931
11653182
4509760
217156
50269537
80433226
8114256
140267623
9751911
11597216
12144757
5099640
5502996
61952138
21614733
8310933
145150109
4706463
42160300
63131825
1396922
11292860
139829962
138334399
4837568
17617092
3951990
544967
65654984
48320714
1346935
237150926
2937049
4334287
35803356
3068135
216715497
545006
244109555
43700474
446717
124702976
643334
297554184
159404301
577806
2019604
8671509
258625822
2281762
59903366
1593641
6541611
206223410
91836722
54391344
5371956
355979579
4084028
160452927
1593673
2052426
4501239
2380122
8016219
2150749
42520943
89772401
60084595
10441082
905606
4018570
20500875
6246799
11358611
269144475
165368232
14963118
2740657
5034420
17224143
578006
100782555
296473055
3920355
163893733
7360998
1643940
26202605
62542320
3854837
55923190
381441
21582341
29577736
3723786
1692171
13193741
15028750
157569553
146461209
45503006
19485215
10539554
381475
21418546
578099
147935804
15422026
158945867
7688783
12210768
39277140
46944865
94655074
7557732
21254757
32199272
99734127
64442993
1790580
8868470
12440183
228446841
3789434
13619836
8049282
14733955
840326
211052
8114833
86299294
68932264
2675386
807616
2118339
87380680
43700947
260592342
20566745
3625690
16863965
217832
3003116
2642676
133485322
244769581
137253650
132829972
45863703
8413321
102126374
38097707
33870640
63649928
41145138
28332852
5886773
55300924
16485856
11916104
72012618
93213520
29512531
11920185
4117339
94970682
6312798
181326693
2904938
152428
107107181
21025646
16536433
18928499
150392297
198726529
86463366
42029960
144429962
16110491
104584093
18371487
159732649
11719594
131747314
873391
26563505
137241417
65491902
97801155
134566852
25711565
104027091
29905878
20042713
2544602
775132
110318569
11621359
145577
139416568
41899003
906239
119395328
29742085
60149249
31609871
10540050
18076693
4346904
8971098
12407842
200660003
141546534
1659944
250928
95114292
42061321
2282554
1233980
293655614
932021
15619136
8737866
249779278
26793039
84890711
228349027
85513319
2413674
135648366
64836723
1528948
513141
4543607
18207864
325823
13456513
3396752
13489308
17323167
6935717
4773035
6214833
1954995
23319732
16733369
4576444
11719872
54580421
227136711
153015496
24728781
101110990
34329812
92493026
116708580
9196773
142497003
16110828
118805742
240604403
25285895
63132936
37147916
11588881
303224090
12482778
513310
102682160
211735846
72602922
53892395
3134776
100131722
28366149
75912520
249550156
115004753
21026131
39277908
2643290
20141406
193910111
151246184
15950738
9622896
46781810
11556214
3167613
190698880
841090
90363270
3396999
140531088
3855762
26563998
59332001
85480867
48125359
236508592
1693109
12441014
31675831
939448
22861242
1136061
147903938
31249859
2676165
6149574
12703176
415179
5199311
217273810
10048979
4052443
65951196
265115108
102028776
276485609
49403370
25207719
34428399
237458933
3692023
90101240
9524733
15357444
2479625
7099914
2348556
91666690
133289505
546338
1365540
240866856
1693234
7919155
742964
25187893
349753
906815
34231875
5035588
228939334
22173261
56448597
59561561
178574938
118969949
28366432
10507878
19846759
24106607
10311284
145086069
2807423
1300099
38721157
3619095
179263116
6575757
5396123
841382
67163815
5822120
241129135
874161
14112436
677572
1005261
4249294
2578129
61200085
9066203
382688
58152673
38648103
222779117
1758959
25482993
95114998
8017655
1660671
5330691
579332
67950346
30725899
2086668
743190
320165659
322018323
18077477
83482406
26466090
82695979
88921902
21845808
9623349
19322678
1300282
5625663
144430918
18143047
101734238
10278751
45995880
2971497
91510638
9164661
52536297
67950457
14356744
31020932
84465541
4544401
5232540
481182
1267617
47306658
5822371
5494693
57399207
12539817
20469682
133287582
20535223
9656248
41867194
3743
179623869
60381118
6870986
2349012
81942491
9263070
2100901
100259808
243207847
22514
49240056
35280891
27383815
2611209
172087307
37476364
218388500
1038359
1857560
16209957
3332135
31324508
80730158
4544565
118642747
229070910
61528127
47798336
34756692
11046585
27744345
96614757
26808728
169728101
39311466
235657325
16570485
7493752
9001081
93182076
154575895
2250900
88213
151509143
645272
14601924
46618778
5202970
136042657
143317154
809125
123033778
116742328
67328190
5363905
579778
1202376
29710538
5757134
182401400
24732707
234445016
233330907
3299549
164747494
13031660
4839664
47536371
1333492
14604533
4151544
15456505
481535
49928449
7134567
10541317
2251014
6347031
1399064
1464609
6183210
22206764
17357113
2554250
65919294
144765352
8870224
63822161
7559508
2971990
12015965
1005921
3660139
96459117
7625075
3856782
514448
120150417
29415836
4151712
43211178
2677164
178739633
97114554
152066495
5200320
41376201
76896736
64969195
1300972
261315062
58055159
18799108
29350409
63527442
13130261
19520024
252462
81973000
90036786
25582132
8086622
24435257
143252038
3005002
94067275
90561105
181230165
6052442
39574109
14178910
2972255
940643
2316901
26008166
35609192
249444796
711283
2153081
4807292
35314302
10345088
25016769
144300693
11393687
37149337
124476073
66087248
13818547
32070326
303291065
1006266
3267265
25877186
17554115
20011716
269146824
7330509
112614098
210590419
3201750
1465049
56351454
15719138
645859
25549545
193354474
12049131
23583476
99703548
12180221
7494400
6642436
56515348
23319
9820954
32561947
38984476
135977758
65461025
72604450
33119011
1497894
18242345
62085942
12376887
27965919
1366845
154229573
1006407
28171082
33020748
18438992
143416154
2022235
18013028
139647845
6576998
313121639
144628585
71883626
43834225
1566551
4348790
15031162
36526975
70736773
8346504
187521935
6249365
580507
12016544
213539749
834033
201055144
77224876
26631085
1563566
1989551
8838065
777144
121787
97835965
227335106
13818820
24730566
162126792
777161
4119503
33577936
1891281
1366994
9100247
35880413
41204218
12049377
6511590
39082986
29055985
58416117
27188217
1334270
34593792
9427972
8576005
38156802
1170448
89105
135355417
17128476
49732639
184376352
137190433
200539
4447269
9296939
711727
351284
1334328
810041
12475461
34626631
1498185
3562570
1268813
59172024
6052949
65428566
3726424
137026654
53307947
2317412
77454447
109829232
187505
4021367
56443
85253249
46423173
40164488
131587214
416925
46849182
106486946
127753379
973988
14900391
16768169
163634346
220552372
23125173
7298230
14933176
28728506
21454012
24239295
11590849
32234691
6118596
13294793
12344522
18373835
70900946
1531094
50126041
1858782
26139886
89513199
2415861
5332219
744700
76569855
31513861
10640647
12147983
2972944
1269011
31710487
235461914
102751525
138566951
45079848
89390
943325
70081842
135355703
29744441
6282554
15211148
63557515
15805814
1334600
318794
138304850
243916121
4335194
127393124
51010919
1596784
43048305
342590
6184311
9198968
25189753
91381116
49667454
11885964
228416911
58187155
223370645
24698263
277110168
152493467
5561757
3759523
101866917
8805800
11722155
4218284
4054447
253360
449974
13360571
30236092
112025021
6938046
3464647
1596873
1400268
3133346
679380
76209623
76209625
1695202
6020580
73817579
27221487
80039848
5135866
1793531
148102659
35839495
21224973
135716366
1269268
40754710
33709591
4283928
104521248
5037601
54844966
33316394
40066604
186670643
39860831
134962748
7888449
136044108
78765648
2953144
6872663
7429746
679546
19521149
32722881
92167816
5529227
32792209
43388868
220828
1400492
5136047
2580144
2809524
21192374
26533563
515772
95903427
91425
59301577
319179
10772176
2285265
269508306
99016408
53010137
106258138
1105632
876260
65265381
104058833
2383596
1138422
26631936
126934785
11689734
4873991
419118
38264598
3923737
2449179
12050208
13131555
1269547
1892147
778041
59662149
7593803
150305071
3759955
28663639
14114654
2613087
752272
188048699
18898802
7298931
417659
6807427
58636950
4251531
165470100
91152277
13249316
18440088
7823258
1040284
2678685
221086
62349216
267837345
250240932
3596201
56643571
86728630
15130554
164290503
5334348
4251602
40598179
61169620
331769
72507355
50290657
843753
27910123
1007596
33611761
107667444
21651449
32006146
12935172
1014445
225103875
417812
3051524
5791773
193749022
5791777
319526
20701232
54190132
51339320
42721349
139092038
132145223
11821129
3858510
176382036
17424469
7299161
5005408
217407585
11788396
54419578
109633662
14901376
45047943
6742152
4236652
20078731
33022092
417936
132767893
65560730
17457309
549025
10051748
36298917
8773802
11198635
319663
10313904
28893362
132178102
34496697
1204411
49668286
80961731
2744520
909517
23388367
5693649
8610005
67363035
5103840
4382946
30630117
100947816
41443571
23486709
232022262
55206136
40460541
7797461
2844032
909579
7758093
20209942
30925082
6283554
29384996
12411174
127394089
209674549
3603167
263610686
7037258
4919354
3268959
30352784
7659874
10248556
88760686
132303846
1433969
3876243
40821111
70902143
17977408
680322
40952196
16277904
9953681
99639698
14836115
3105179
70279587
56746406
3334571
191848879
81387961
154034622
51667399
39838155
40231374
119267794
4481515
582137
4383226
1925628
23749118
201023999
15852032
2056710
6414862
942612
50061845
483873
151085603
41378342
1925672
1729067
58974766
2843184
320050
451126
104692489
150200893
44120682
144564810
206263
81584716
40755790
21899819
7060241
91710057
27517551
52945530
228909693
189063
5333645
138338967
19423901
122872483
11461290
68182704
844467
66773686
82141881
713406
1303234
572193
51077834
176710347
7627469
18359757
51929816
94593755
134800092
25977571
23552741
94298857
2941679
713456
93709044
132571895
418555
125494012
103965437
21586687
8971021
20341520
48718611
49734427
1631005
19850015
36397860
15295271
12772140
2155309
32203572
222007
17490744
70017849
2843451
11264828
93315901
1499969
211575621
484166
120251211
2057039
17589076
189269
4678488
7529306
32301926
18506601
28894063
10183539
4575381
17097604
69362570
13755282
144630683
19227551
139912100
68740005
144597930
385964
4449199
1827760
77980601
92890047
62907344
29418453
30860250
4744157
295724002
32695270
73130989
3269615
1958896
202007537
132015090
1434613
36529143
451579
9430013
26698755
1238022
35382785
5104650
146760723
8184853
14836759
18375706
527869
5432348
418847
44983331
7131313
83911722
12248115
17234782
140207166
353345
191358038
5694551
175662174
163669091
4842601
54092907
1263255
17458287
89777264
255094
108553345
143451266
31646852
241591431
311059592
113140875
1991820
14017677
561348
19621018
248243358
615584
247424540
145641671
3826860
180937905
158590131
8348854
46982328
146695358
38986944
25191617
17622217
208725196
615629
32695510
353496
22897885
189663
38888677
16409837
22603023
20407571
910613
200992022
85905625
11724065
35808551
9397548
21914926
163833135
17491248
3925297
14116152
236261599
11518832
23782726
34170184
1615415
151053644
134636882
910685
16901470
34432351
31417696
10511931
144368998
373555
271410541
2024814
320892
133391744
7202184
14476685
2117870
615832
62317979
74474916
15885738
77784491
64677448
2975154
1200371
157246901
66217400
20637115
161342909
111666622
1369540
27944402
62219735
8021468
31253983
156198371
5826022
103212625
152724970
1926636
137487856
47048180
173336053
17688065
8087045
88794635
26273293
17688084
681499
122611228
4515357
2347270
7595558
153480318
7622920
123004469
14378554
1861179
40363587
116254277
55633480
239265354
1009232
3696209
30565972
45928718
138143326
58713699
63792742
140903
56059504
192013945
327181946
1566333
26434591
583305
1828490
131557007
182838931
130639510
163538586
386716
62187169
9561762
159606437
648884
5361950
5007032
10774203
8944586
95774399
29517516
3270351
43640533
72378070
6809305
38790876
42630096
4384492
7595758
1353342
58615543
1763068
175924993
165832451
239363852
2784216
6383393
106325796
223021
26109745
100460342
1795897
25225028
386888
135063371
28534606
2287443
8808279
78964568
6743897
33711971
16967525
81815404
11921261
12707694
165209967
5433200
10479489
26535812
46589843
14968724
117401495
53733275
97970082
21096368
286943154
9889729
6285256
12445642
100198348
49145808
1632210
150824916
157659
157663
165341153
27518948
119334895
144435188
26929144
101050363
1435646
163473408
2385921
18540546
107079685
143845382
1402891
165570585
10610715
3106846
223264
146827301
7661606
57239593
105015343
1009712
25356341
19621949
2484289
8185926
3270728
30599260
41436554
92039268
4460902
6875238
5007465
30566511
159737984
76867720
32073865
59530
18081932
245622931
8710296
780443
1861795
225110190
37185711
4090032
288947
82274484
2025658
77162688
1239241
23750865
26699992
2746590
59959520
7727329
7170274
92760300
1599736
160065786
420096
2746633
3205390
11397393
190689
91285787
68938014
76835110
14515249
102459689
73885995
114190638
2615605
21227831
715070
2779455
35645763
21260618
223564
5007696
2419031
53242218
38955377
62941556
3271030
54749559
112126330
20932994
177564041
2986391
2779532
43149711
8546705
154377256
190657331
23062945
8874409
144697774
36628916
140306873
2648507
3828156
190912
10217921
59500996
6744527
387536
3140057
322013
94628320
1108450
1304316
31255033
322046
34073091
19163656
68053521
50391570
61832281
26733080
19884569
135424540
4745757
111012386
15886884
2779688
1501738
8055339
33712687
102722097
5696051
19360317
387649
4385356
124512845
22800975
63793747
6220382
1796707
11528807
16854502
11823723
5466732
1403504
27421310
7793282
36760199
94595725
8252046
30141074
682645
5040792
88271514
14445212
223472286
36072096
171305633
103344805
5794471
387752
27323054
4450992
127494835
3074743
101164832
7470200
64748665
976676
12085980
80177892
24832742
125168369
2484982
8776444
7629574
207809287
1895177
2452236
112782101
3926806
239594267
1075996
9825053
45923461
5073697
180736475
31222565
28732199
158034730
60161160
129035060
53930805
289591
95206538
12839742
3533631
15035203
10644292
60974902
20835143
2485066
90368850
34958165
26590351
5696358
12184424
3500909
156382769
11234167
31583099
138472325
715654
150334350
2845591
3173277
180317089
83782563
51768233
152923052
93547444
13888438
78080962
1436619
4630350
135490519
5467096
2452443
11430878
10382303
388069
1764330
8940523
27519980
6099454
1666038
68971519
16017239
118680603
4090910
3370026
17886255
3173431
33451073
63040578
14389771
37612621
112618574
295005263
111209559
257120
2232851
5008507
15297662
85594645
158858
1666191
16510109
1272993
16444579
17198244
285535399
5303471
151514288
149187761
1698995
5575198
35581115
5270718
238447807
1469632
148106433
31845570
65825988
237890758
683207
5631177
70905036
6352086
15920346
7859420
10087655
1338603
13004019
13102329
322810
15002875
191741
89681150
30338308
62975240
10939664
149286163
206790810
4353304
55012638
111045927
19098934
7793976
12905787
5285770
57699647
86601026
342617412
246476102
46951757
355666
355671
22441305
257387870
38333792
11216784
2157922
47226133
5303656
7105901
7400816
164719995
6090108
130510205
6155660
7368085
86732183
257440
2647963
224521636
144174501
2223529
13266346
93842862
16969137
133885363
43183544
22343097
70505034
15035841
144698822
153054664
2387407
10350033
20377052
111668704
2030843
13430245
3829224
849836
77884910
189558255
2190838
156069368
8613370
6516223
32075264
52489738
39153164
4766978
24800784
47312402
1011222
552479
6286881
28667428
250703404
38858303
185331265
74772038
53891681
8547930
4877917
41512542
519784
17591914
1371758
134278768
7663221
106917494
3010168
2584188
3108477
268234367
65924740
28077707
69070482
5861015
3468952
199880347
24899232
174321313
144371367
267316911
12283578
3174076
32108227
814791
70414025
34238155
5631693
178056922
2420447
3108577
8220387
125759211
157650
20344564
3829493
215805689
1765117
129822470
34828039
69824264
10907401
74247953
5402386
138473238
79327004
5500701
32304928
31518499
5697318
93999
19951411
139652918
21364020
145026875
8482620
138236217
49049412
327610186
55177044
19099481
46460764
10108218
1371998
55668575
2944868
4630503
2518898
1086099
72314740
157577079
6614907
59961212
99086206
21819263
19853185
221605774
7073680
75919253
26374038
98430879
9629602
232091556
15083505
191590322
8384436
38105014
2584504
3829691
257987
2294508
167604166
9433033
4516049
1732562
454611
4419544
17264607
29421537
41283561
271052784
96497649
10088444
7368718
100986898
19689492
30222341
18191024
1306658
91582502
31649832
192556
5697583
33058872
1536058
12349503
11976032
8515652
7336006
190050381
13955154
45150291
35418197
99209914
39120993
782434
651365
356460
116879469
36344509
4213672
44986489
4616316
356477
9400446
4059286
123203742
10219681
50784283
16019623
3563500
159918
187494575
43413683
10481844
94300190
282423478
5959863
2617530
40530114
10547397
58257608
12579028
65827038
19263712
8024291
124350694
126480616
782573
6615288
28373244
140767487
258305
96170242
7008522
9924875
69922761
32764183
43381017
262467870
14051376
1077541
56291625
38236460
3338541
10383672
20246846
323906
30044483
111604040
145027404
160089
113439067
717151
234090854
2683239
3174762
207483257
27226490
99643772
7172477
19329407
291697027
19919238
11628943
323992
267415964
168817056
95056291
131559845
10908072
142012843
2817438
9302455
946621
114225601
6320579
33354183
16576973
55603671
13726177
34337743
12841455
50262512
2650612
815605
193294844
8516097
1864196
324108
6058514
14414356
6648346
81293855
4354592
1471024
35388851
33747513
848443
3404348
6353476
150270533
7729741
100821393
665699
2355804
3633757
75854435
1700452
81160294
68416102
138441323
21394030
198636149
9695864
8876665
242840189
39809666
2880131
123564676
113341068
488082
138343061
10875542
2388631
71987865
9302684
324255
125235879
2552498
132117179
256897726
41120453
717516
31781589
5042902
91157208
17013879
8975078
11924199
8549096
64090857
5829357
815859
41382651
87388924
59798269
90534654
32437002
52654859
92959501
14381838
11793170
455446
4289307
23982882
49640230
5010218
188019502
1405743
389940
3863365
7628940
66089802
521035
246739797
85881688
92369753
50885469
1176421
3314492
5403500
17625974
15594364
7369600
9827202
2749321
297857934
4060047
38925200
7304083
5862292
4289431
151909273
914331
106165149
154727330
147649443
173274033
9925556
14021561
22737850
15332286
1110983
390093
8025039
2257873
4548771
422868
9630680
57799643
143913948
11629536
193511
315978731
119916183
6714353
3527507
230978558
84112388
6714375
2446167
1602578
8677550
48821270
3306522
88011804
6714398
3601446
124318768
4682804
9303096
1569849
2651201
455749
140735561
4125770
1635406
1799248
147223633
554066
46036058
16154127
455778
1569892
11826277
121828473
1537153
32535683
75789444
2159750
143914120
423059
67949422
619670
1995934
816288
5297009
268402204
20608170
226391216
9532603
9499836
52655300
70186184
67826893
829645
1307859
29160661
1340638
5108959
4158690
18478308
47412455
9041132
10155247
160593139
19100925
71982848
267875592
1963274
43717507
1078549
215651204
2356512
152499489
22607139
63547612
64845098
292139
14415149
1110678
10253619
11662656
1665249
143226192
70579551
12350816
16414051
4958439
144471426
117634435
2684292
43611525
10417543
4093322
17659280
102954392
302085531
22279582
718239
2553248
14054817
256275878
93049757
133690808
57570745
29423034
1734078
5404096
423362
173733315
2356676
31258060
25621965
17626580
248739286
12023257
325088
154105313
8517094
80541159
72054249
55080426
26998251
2258417
39122429
92141066
12088843
76084750
173491779
7403030
51377691
22483889
66123309
7632430
8517167
62453297
172062260
1308214
121861688
67171901
71759423
114488905
65926731
10384977
4357731
10712665
189920859
8472543
87195239
57570927
194264681
236025466
12154492
1799812
165770892
124384910
30446531
76150423
10647192
67597989
136771241
157709995
2291381
62551738
15955648
132609730
194244
116815558
19887817
39155405
1275598
107214548
2127573
15038167
21329628
3995368
784110
1472243
9107188
653055
3471108
849670
63567625
7206669
141981454
75331345
40552864
5335342
35288855
30275353
4683546
14317339
18773793
9303842
85158262
2160422
2324266
5437240
718653
9402175
7756769
7206726
66549580
97449805
96078
522064
54622033
91912018
80181075
38729557
40433501
25524062
4388710
25687911
16316272
27850610
1898355
179599221
110884729
2979712
4749187
2389892
49805193
980874
78772108
67565457
169350126
34928535
198965147
2357148
3733409
11990952
194213802
36829100
11532208
40564657
12351410
36632499
260021
135395260
256604094
12711875
882638
88414200
8615896
2233338
5699552
5777744
2020347
29882341
121567211
8026093
25851898
82311164
1865727
1112066
40466436
8825174
141916169
2845015
21723148
6846484
22083607
3745782
176846881
2619430
133003303
170096686
59832367
12023856
18872372
10745912
2357306
137689148
17496126
2619456
33945671
140139225
11532365
140671056
424017
173733971
2488413
9762912
3897442
151518907
882790
1144936
33486953
29522026
2488428
12056693
29194363
32635004
43907202
99088517
2881683
11466902
30046365
5339301
5929128
20117675
391347
89323702
142997688
125499580
11663551
16447685
13990086
151333239
68286670
33618127
122747095
160790746
21484582
48560365
318961906
30570741
33159414
81033465
27556091
1276171
719118
12908818
29620502
5929239
143259930
12155165
227631
45185338
2980156
1472831
3963200
275577169
7928147
28703061
3570012
4487525
883047
1472872
44562796
56863122
68155786
90470800
1190296
29660227
5568917
420249
1407387
4913564
39057821
142277022
14219690
5274040
8681914
96703
162036162
29325764
239655756
1079754
137460172
2390488
3635673
56687067
8124900
63011301
293350
138344935
129497577
23198186
246348268
160397810
84113908
74383102
719355
15989252
44956167
30833162
11467285
64911894
371119
9468447
44923427
135592489
34044459
1053360
25459246
36403770
20019780
102005332
19069525
12778081
105642594
103526
11795047
15465064
1276521
60127850
37386859
5143148
7404146
5641095
9655402
5171649
52558473
191415811
5208721
153909923
850602
2030253
53783938
245533
83851953
21714035
14712607
23788226
4815558
719561
24214224
49511122
8223444
6453973
43678431
7961312
39320289
457445
21363431
785132
60947185
9009906
10550007
5307130
2113322
16284415
2685696
25787138
45513475
4881156
3275526
36797193
13433615
25950999
66222874
9435934
3078950
359216
258079537
73661238
32111418
169474889
1538892
32209743
2161497
258014044
10910558
123861864
73595753
562323
58555259
3013504
10681218
18250627
33323908
42367879
215382920
33520521
3052696
291154416
96009130
20216747
6093748
219315126
1899448
7732155
7175104
1637316
9010118
14455969
106101704
30473162
2325451
102005712
16514001
9763796
50330584
71269344
27098086
33618919
75693038
189235027
12909558
1506297
12450810
20380676
12057618
36928534
58948640
56196131
12516388
5209131
1276972
80772144
40921608
63732791
1702968
13188960
1637445
7634785
13827145
19954765
77462608
80215124
490584
1244249
186547290
3898460
3701871
136576115
95714420
33324152
359545
851068
2751613
96140422
2129032
6683786
123600012
8846481
720031
11697313
490659
80739493
91978923
13040812
21855409
7306422
22084792
638836
9862334
4816065
23788738
17661129
88734922
1047755
224328910
15717582
10910938
80444635
654556
10550495
1440995
153844964
32242918
1834215
1244400
122780915
14286075
19102973
125959424
6531627
589060
45120774
11959559
11402505
216333579
1539354
15793438
19037475
4914476
181468461
12533640
1337907
18677044
5635382
82214200
6159681
5307721
3439956
2719065
20479887
4914526
4226401
2784619
105151855
2751866
138968444
5521301
55016833
163315076
29512940
6815120
15760789
26148248
4652443
2424222
156073389
142507438
1529075
6684088
25558459
2325950
294321599
45972928
32325536
22314435
9731524
61865415
6454729
5805303
71204300
11533774
4232441
1277405
22511071
23887328
301989351
28442088
9338351
67829233
3046900
191331823
32701948
8158735
8715794
1408533
132742681
3014172
949790
238616095
143195680
1736226
15673947
1932837
14122538
26116019
50757174
18349626
43613758
60390975
16514626
22380101
147384
1670749
8748642
818787
3822865
518759
21429881
94240379
5013123
9207439
93137519
10059424
159121066
49675950
111607476
14286519
103612090
63340219
113508039
152207052
51478230
21855963
1310434
6258403
9174760
15662835
7044862
12123903
2064134
20283145
2719509
18453943
1146656
9764641
655141
16252710
3735342
100695861
7962426
1572668
160464709
134086626
140050259
10649428
32341849
202932059
132644705
524136
524139
6679186
135888872
133627763
24952672
262766460
10354575
4882321
3342239
2162597
1081263
35979187
10780600
42926010
203691339
42958792
153059274
35848144
14352339
177504213
116850646
3768280
14188514
84475879
148635624
7798772
3812009
2260987
